 Nays2DH Solver Version 1.0.0000 Last updated 2014/5/4
 Copyright(C)2003-2014 by Yasuyuki SHIMIZU, Hokkaido Univ., Japan, and Hiroshi T
 AKEBAYASHI, Kyoto Univ., Japan, All Right Reserved
     0.000  500.0000   -1.6894   0 out
   200.000  513.8889   -1.6620  11 out
   400.000  527.7778   -1.6346  11 out
   600.000  541.6667   -1.6072  11 out
   800.000  555.5556   -1.5798  11 out
  1000.000  569.4444   -1.5524  11 out
  1200.000  583.3333   -1.5251  11 out
  1400.000  597.2222   -1.4977  11 out
  1600.000  611.1111   -1.4703  11 out
  1800.000  625.0000   -1.4429  11 out
  2000.000  638.8889   -1.4155  11 out
  2200.000  652.7778   -1.3881  11 out
  2400.000  666.6667   -1.3607  11 out
  2600.000  680.5556   -1.3333  11 out
  2800.000  694.4444   -1.3059  11 out
  3000.000  708.3333   -1.2786  11 out
  3200.000  722.2222   -1.2512  11 out
  3400.000  736.1111   -1.2238  11 out
  3600.000  750.0000   -1.1964  11 out
  3800.000  763.8889   -1.1690  11 out
  4000.000  777.7778   -1.1416  11 out
  4200.000  791.6667   -1.1142  11 out
  4400.000  805.5556   -1.0868  11 out
  4600.000  819.4444   -1.0594  11 out
  4800.000  833.3333   -1.0321  11 out
  5000.000  847.2222   -1.0047  11 out
  5200.000  861.1111   -0.9773  11 out
  5400.000  875.0000   -0.9499  11 out
  5600.000  888.8889   -0.9225  11 out
  5800.000  902.7778   -0.8951  11 out
  6000.000  916.6667   -0.8677  11 out
  6200.000  930.5556   -0.8403  11 out
  6400.000  944.4444   -0.8129  11 out
  6600.000  958.3333   -0.7856  11 out
  6800.000  972.2222   -0.7582  11 out
  7000.000  986.1111   -0.7308  11 out
  7200.000 1000.0000   -0.7034  11 out
  7400.000 1111.1111   -0.6246  11 out
  7600.000 1222.2222   -0.5457  11 out
  7800.000 1333.3333   -0.4669  11 out
  8000.000 1444.4444   -0.3881  11 out
  8200.000 1555.5556   -0.3093  11 out
  8400.000 1666.6667   -0.2305  11 out
  8600.000 1777.7778   -0.1516  11 out
  8800.000 1888.8889   -0.0728  11 out
  9000.000 2000.0000    0.0060  11 out
  9200.000 2111.1111    0.0848  11 out
  9400.000 2222.2222    0.1637  11 out
  9600.000 2333.3333    0.2425  11 out
  9800.000 2444.4444    0.3213  11 out
 10000.000 2555.5556    0.4001  11 out
 10200.000 2666.6667    0.4790  11 out
 10400.000 2777.7778    0.5578  11 out
 10600.000 2888.8889    0.6366  11 out
 10800.000 3000.0000    0.7154  11 out
 11000.000 3111.1111    0.7942  11 out
 11200.000 3222.2222    0.8731  11 out
 11400.000 3333.3333    0.9519  11 out
 11600.000 3444.4444    1.0307  11 out
 11800.000 3555.5556    1.1095  11 out
 12000.000 3666.6667    1.1884  11 out
 12200.000 3777.7778    1.2672  11 out
 12400.000 3888.8889    1.3460  11 out
 12600.000 4000.0000    1.4248  11 out
 12800.000 4111.1111    1.5036  11 out
 13000.000 4222.2222    1.5825  11 out
 13200.000 4333.3333    1.6613  11 out
 13400.000 4444.4444    1.7401  11 out
 13600.000 4555.5556    1.8189  11 out
 13800.000 4666.6667    1.8978  11 out
 Calculation is failure!
